57
100
100
110
118
126
133
141
161
161
168
169
285
289
290
290
321
352
352
364
373
374
375
385
399
403
418
422
435
436
443
444
455
465
478
478
479
479
484
484
484
497
505
514
550
555
622
686
687
694
700
706
709
709
0
0
0
3
4
4
15
17
28
56
74
87
88
89
98
106
159
172
180
210
212
218
248
287
306
381
383
493
499
499
501
502
503
504
520
521
526
537
538
544
546
546
596
599
604
607
618
627
634
644
663
675
681
689
690
696
704
713
27
30
91
91
92
124
208
210
238
251
260
264
268
273
309
353
354
412
443
443
450
451
451
455
456
463
468
482
511
521
534
538
541
543
552
611
612
639
640
640
645
663
668
669
683
691
692
693
697
697
18
49
49
71
72
80
85
92
97
97
100
111
112
127
133
147
153
170
178
178
188
190
200
218
219
219
219
223
235
235
247
247
248
250
257
257
309
313
314
318
318
325
378
386
388
389
395
405
414
414
426
434
435
443
450
454
467
472
481
482
488
494
502
502
509
520
525
529
531
531
533
543
551
588
601
629
629
642
643
647
647
652
652
652
653
653
655
656
657
657
657
657
658
662
663
667
66
73
86
141
163
165
167
209
247
250
269
273
273
278
282
282
282
283
289
290
291
308
315
316
325
326
326
342
346
346
356
397
398
410
410
416
416
417
423
438
438
439
447
450
560
568
572
593
605
606
606
610
610
620
629
633
633
655
668
669
690
696
699
704
711
714
99
106
106
123
132
138
138
138
163
173
250
300
306
308
318
350
351
351
379
380
396
410
444
455
489
497
497
503
528
529
536
537
555
555
555
562
572
572
596
596
603
613
620
626
641
650
661
668
82
88
94
103
113
113
116
122
122
138
143
149
151
156
156
197
202
205
207
211
212
216
218
218
223
238
243
244
247
248
254
259
260
260
263
274
274
278
282
285
289
290
295
295
297
299
300
304
325
325
325
334
335
335
393
397
418
427
432
433
479
487
488
488
492
493
494
499
577
586
606
613
647
653
660
661
667
667
684
688
691
694
694
698
703
716
0
47
48
53
53
56
57
77
82
96
99
100
100
105
111
120
162
195
199
214
249
254
266
308
323
347
