4
99
101
115
136
141
163
168
270
301
322
353
373
375
386
400
403
413
417
419
422
426
445
458
464
496
508
514
551
555
604
621
686
689
692
694
702
0
4
15
18
29
56
75
86
91
98
106
108
160
171
216
248
278
286
353
382
388
393
427
438
460
500
518
522
537
582
597
607
619
627
629
663
675
680
689
693
696
704
712
0
27
80
91
93
123
148
185
237
251
260
265
267
273
302
330
351
388
425
442
448
450
451
455
457
462
468
473
494
510
532
540
552
569
581
586
608
615
638
647
661
662
667
671
677
682
682
690
692
694
696
20
72
79
81
87
92
98
100
114
146
152
171
179
189
191
200
204
215
218
222
236
258
325
362
378
380
387
389
428
442
453
453
468
470
493
502
509
511
518
531
536
544
547
550
554
560
586
600
605
606
618
621
626
629
630
636
641
645
653
656
657
660
662
663
707
0
4
70
127
141
166
168
192
193
206
246
246
248
258
284
290
306
320
325
325
328
344
349
386
396
398
411
416
416
438
449
497
500
512
561
577
590
603
622
624
626
632
646
671
683
685
690
696
703
713
713
29
57
69
92
116
123
134
138
140
162
172
185
214
217
226
280
296
301
309
312
317
353
354
379
379
396
409
439
454
456
463
525
533
538
538
554
555
559
579
582
594
612
643
644
650
658
667
701
2
83
139
140
194
213
215
226
246
246
264
282
288
296
304
304
310
311
327
335
336
337
338
341
344
351
408
408
409
412
419
419
432
442
442
492
498
501
501
511
520
532
586
614
632
697
704
18
44
45
50
53
56
56
57
104
106
121
127
140
155
157
162
166
187
193
197
199
200
201
211
213
250
250
259
273
310
321
347




